0.99770004 725.02826
0.99540544 625.7145
0.993116 582.7877
0.990832 565.91675
0.9885531 557.40234
0.9862795 533.3261
0.9840111 537.1924
0.9817479 541.37714
0.97949 530.2362
0.9772372 532.36957
0.97498965 531.05334
0.9727472 528.6961
0.97050995 530.1847
0.9682779 529.0754
0.96605086 533.70575
0.96382904 531.7198
0.9616123 517.77026
0.95940065 518.91327
0.9571941 515.32764
0.9549926 519.5077
0.95279616 516.79895
0.9506048 514.50836
0.94841844 510.64084
0.94623715 512.30945
0.94406086 512.30945
0.9418896 514.8273
0.9397233 507.8499
0.937562 505.1663
0.9354057 505.1663
0.9332543 505.1663
0.9311079 505.1663
0.9289664 508.90405
0.9268298 509.99338
0.9246982 509.74167
0.9225714 506.46207
0.92044955 504.91458
0.9183326 504.91458
0.9162205 508.32364
0.9141132 509.19852
0.91201085 504.53534
0.90991324 505.40073
0.9078205 505.40073
0.9057326 504.53534
0.90364945 506.34677
0.90157115 495.791
0.89949757 500.36432
0.8974288 495.791
0.89536476 495.791
0.8933055 495.791
0.8912509 495.791
0.8892011 495.791
0.887156 496.65637
0.8851156 495.791
0.8830799 497.24768
0.88104886 496.17026
0.87902254 497.2796
0.8770008 497.2796
0.8749838 496.65637
0.87297136 495.8617
0.8709636 495.14633
0.86896044 492.8614
0.8669619 493.9388
0.86496794 488.4222
0.8629785 489.15454
0.86099374 490.01993
0.8590135 488.8612
0.85703784 485.5921
0.8550667 485.5921
0.8531001 486.4575
0.85113806 489.8832
0.84918046 486.4575
0.8472274 486.4575
0.84527886 486.4575
0.84333473 485.5921
0.84139514 485.5921
0.83946 486.4575
0.8375293 486.4575
0.835603 487.95517
0.83368117 487.08978
0.8317638 487.08978
0.8298508 487.08978
0.82794213 487.08978
0.82603794 487.08978
0.8241381 487.08978
0.8222427 487.08978
0.82035154 487.08978
0.8184648 487.08978
0.8165824 487.08978
0.8147043 487.95517
0.8128305 487.95517
0.81096107 487.08978
0.8090959 487.08978
0.807235 487.08978
0.80537844 487.08978
0.8035261 487.95517
0.80167806 487.95517
0.79983425 487.08978
0.7979947 487.08978
0.7961593 487.08978
0.7943282 487.08978
0.79250133 487.08978
0.7906786 487.08978
0.78886014 487.08978
0.7870458 487.08978
0.78523564 491.02563
0.7834296 487.08978
0.78162783 487.95517
0.7798301 487.95517
0.77803653 489.61005
0.77624714 491.54147
0.7744618 489.61005
0.7726806 492.48163
0.77090347 493.54767
0.76913047 490.65228
0.76736146 490.65228
0.7655966 490.6761
0.7638358 491.22427
0.762079 490.3589
0.76032627 487.95517
0.7585776 487.08978
0.7568329 487.08978
0.7550922 487.08978
0.75335556 487.08978
0.7516229 489.30054
0.7498942 489.30054
0.7481695 489.89606
0.74644876 489.40588
0.74473196 489.10315
0.74301916 490.94647
0.74131024 490.94647
0.7396053 490.61853
0.73790425 490.61853
0.73620707 489.40588
0.7345139 489.10315
0.7328245 487.95517
0.73113906 487.95517
0.7294575 487.08978
0.7277798 487.08978
0.726106 487.08978
0.724436 487.08978
0.7227698 487.08978
0.7211075 487.08978
0.719449 487.08978
0.7177943 487.08978
0.7161434 487.08978
0.7144963 487.08978
0.712853 487.08978
0.7112135 487.08978
0.70957774 487.08978
0.70794576 487.08978
0.70631754 489.96136
0.7046931 489.96136
0.7030723 487.08978
0.7014553 487.08978
0.699842 487.08978
0.6982324 487.08978
0.6966265 489.30054
0.6950243 487.08978
0.69342583 487.08978
0.691831 487.08978
0.6902398 487.08978
0.6886523 487.08978
0.68706846 487.08978
0.6854882 487.08978
0.6839116 487.08978
0.6823387 487.08978
0.6807694 487.08978
0.6792036 487.08978
0.6776415 487.95517
0.67608297 487.08978
0.674528 487.08978
0.6729767 487.08978
0.67142886 487.08978
0.6698846 487.95517
0.6683439 487.95517
0.66680676 487.08978
0.66527313 490.16592
0.6637431 487.95517
0.6622165 487.08978
0.66069347 487.08978
0.6591739 487.95517
0.65765786 487.95517
0.6561453 487.08978
0.6546362 487.08978
0.65313053 487.95517
0.6516284 487.95517
0.6501297 487.95517
0.64863443 487.95517
0.64714265 487.08978
0.64565426 487.95517
0.6441693 487.95517
0.64268774 487.95517
0.6412096 490.16592
0.6397348 487.95517
0.6382635 487.08978
0.6367955 487.08978
0.6353309 487.08978
0.6338697 493.07147
0.63241184 487.08978
0.63095737 487.95517
0.6295062 487.95517
0.6280584 487.08978
0.62661386 487.08978
0.6251727 487.08978
0.62373483 487.08978
0.62230027 487.95517
0.62086904 487.95517
0.6194411 489.6892
0.6180164 487.08978
0.61659503 487.08978
0.61517686 487.08978
0.613762 487.08978
0.6123504 487.08978
0.610942 485.5921
0.6095369 485.5921
0.608135 485.5921
0.60673636 489.05356
0.6053409 489.05356
0.60394865 485.5921
0.60255957 485.5921
0.60117376 485.5921
0.59979105 485.5921
0.5984116 485.5921
0.5970353 485.5921
0.5956622 485.5921
0.59429216 485.5921
0.5929253 485.5921
0.5915616 485.5921
0.5902011 485.5921
0.58884364 485.5921
0.58748937 486.4575
0.5861382 485.5921
0.5847901 487.80286
0.58344513 485.5921
0.5821032 485.5921
0.5807644 485.5921
0.5794287 485.5921
0.57809603 485.5921
0.5767665 485.5921
0.57543993 486.4575
0.57411647 486.4575
0.57279605 485.5921
0.57147866 485.5921
0.57016426 485.5921
0.5688529 485.5921
0.5675446 485.5921
0.5662393 485.5921
0.564937 485.5921
0.5636377 485.5921
0.56234133 485.5921
0.561048 485.5921
0.5597576 485.5921
0.5584702 485.5921
0.55718577 485.5921
0.55590427 485.5921
0.5546257 485.5921
0.5533501 485.5921
0.5520775 485.5921
0.5508077 487.80286
0.5495409 487.80286
0.54827696 485.5921
0.54701596 485.5921
0.54575783 485.5921
0.5445027 485.5921
0.5432503 485.5921
0.5420009 485.5921
0.5407543 485.5921
0.5395106 485.5921
0.5382698 485.5921
0.53703177 485.5921
0.53579664 485.5921
0.5345643 485.5921
0.5333349 486.4575
0.53210825 486.4575
0.53088444 485.5921
0.52966344 486.4575
0.52844524 485.5921
0.52722985 485.5921
0.52601725 485.5921
0.52480745 485.5921
0.52360046 485.5921
0.5223962 485.5921
0.5211947 485.5921
0.519996 485.5921
0.5188 485.5921
0.5176068 485.5921
0.5164164 485.5921
0.5152287 485.5921
0.5140436 485.5921
0.5128614 485.5921
0.51168185 486.4575
0.510505 485.5921
0.50933087 485.5921
0.50815946 485.5921
0.50699073 485.5921
0.5058247 485.5921
0.5046613 485.5921
0.5035006 485.5921
0.5023426 485.5921
0.5011872 485.5921
0.5000345 485.5921
0.4988845 485.5921
0.49773708 485.5921
0.49659234 485.5921
0.4954502 485.5921
0.4943107 486.4575
0.4931738 485.5921
0.49203953 485.5921
0.4909079 485.5921
0.48977882 485.5921
0.48865238 485.5921
0.48752847 485.5921
0.48640722 485.5921
0.4852885 485.5921
0.48417237 485.5921
0.48305878 485.5921
0.4819478 485.5921
0.48083937 485.5921
0.47973344 485.5921
0.4786301 487.80286
0.47752926 487.80286
0.47643098 485.5921
0.4753352 485.5921
0.47424197 485.5921
0.47315127 485.5921
0.47206303 485.5921
0.47097734 485.5921
0.4698941 485.5921
0.4688134 485.5921
0.46773514 485.5921
0.4666594 485.5921
0.4655861 485.5921
0.46451527 485.5921
0.46344694 485.5921
0.462381 485.5921
0.46131757 485.5921
0.46025658 486.4575
0.45919803 485.5921
0.4581419 485.5921
0.4570882 485.5921
0.45603693 485.5921
0.45498806 485.5921
0.4539416 485.5921
0.45289758 485.5921
0.45185596 485.5921
0.45081672 485.5921
0.44977987 485.5921
0.4487454 485.5921
0.4477133 485.5921
0.44668362 485.5921
0.44565624 486.4575
0.44463128 485.5921
0.44360867 485.5921
0.44258836 485.5921
0.44157046 485.5921
0.44055486 485.5921
0.43954164 485.5921
0.43853068 485.5921
0.4375221 485.5921
0.4365158 485.5921
0.4355119 485.5921
0.43451023 485.5921
0.43351087 485.5921
0.43251383 485.5921
0.43151906 485.5921
0.4305266 485.5921
0.4295364 485.5921
0.4285485 485.5921
0.4275629 485.5921
0.4265795 485.5921
0.4255984 485.5921
0.42461956 485.5921
0.42364296 485.5921
0.4226686 485.5921
0.4216965 485.5921
0.42072666 486.4575
0.41975898 485.5921
0.4187936 485.5921
0.41783035 485.5921
0.4168694 485.5921
0.4159106 485.5921
0.41495404 485.5921
0.41399968 485.5921
0.4130475 485.5921
0.41209754 485.5921
0.4111497 485.5921
0.4102041 485.5921
0.40926066 485.5921
0.40831938 486.4575
0.40738028 486.4575
0.40644333 485.5921
0.40550855 485.5921
0.40457588 485.5921
0.4036454 485.5921
0.40271702 485.5921
0.40179083 485.5921
0.40086672 485.5921
0.39994475 485.5921
0.3990249 486.4575
0.39810717 485.5921
0.39719155 485.5921
0.39627802 485.5921
0.39536664 485.5921
0.39445728 486.4575
0.39355007 485.5921
0.39264494 485.5921
0.39174187 485.5921
0.39084092 485.5921
0.389942 485.5921
0.38904515 485.5921
0.38815036 486.4575
0.38725764 486.4575
0.386367 486.4575
0.38547835 485.5921
0.3845918 485.5921
0.38370726 485.5921
0.38282475 485.5921
0.38194427 485.5921
0.38106582 485.5921
0.38018942 485.5921
0.379315 485.5921
0.3784426 485.5921
0.37757218 485.5921
0.3767038 485.5921
0.3758374 485.5921
0.374973 485.5921
0.3741106 485.5921
0.37325016 485.5921
0.37239173 485.5921
0.3715352 485.5921
0.37068072 485.5921
0.36982816 485.5921
0.3689776 485.5921
0.368129 485.5921
0.3672823 485.5921
0.36643758 486.4575
0.36559477 485.5921
0.36475396 485.5921
0.36391503 485.5921
0.36307806 485.5921
0.362243 485.5921
0.36140987 485.5921
0.36057866 485.5921
0.35974935 485.5921
0.35892195 485.5921
0.35809642 485.5921
0.35727283 485.5921
0.35645112 485.5921
0.35563132 485.5921
0.3548134 485.5921
0.35399735 485.5921
0.35318318 485.5921
0.35237086 485.5921
0.35156044 485.5921
0.35075188 485.5921
0.34994516 485.5921
0.34914032 485.5921
0.34833732 485.5921
0.34753618 485.5921
0.34673685 485.5921
0.3459394 485.5921
0.34514374 485.5921
0.34434992 485.5921
0.34355795 485.5921
0.34276778 485.5921
0.34197944 485.5921
0.3411929 485.5921
0.3404082 485.5921
0.33962527 485.5921
0.33884415 485.5921
0.33806485 485.5921
0.3372873 485.5921
0.33651158 485.5921
0.33573762 485.5921
0.33496544 485.5921
0.33419505 485.5921
0.33342642 485.5921
0.33265957 485.5921
0.33189446 485.5921
0.33113113 485.5921
0.33036953 485.5921
0.32960972 485.5921
0.32885164 485.5921
0.3280953 485.5921
0.3273407 485.5921
0.32658783 485.5921
0.32583672 485.5921
0.3250873 485.5921
0.32433963 485.5921
0.32359365 485.5921
0.32284942 485.5921
0.32210687 485.5921
0.32136604 485.5921
0.32062694 485.5921
0.31988952 485.5921
0.3191538 485.5921
0.31841975 485.5921
0.31768742 485.5921
0.31695673 485.5921
0.31622776 485.5921
0.31550047 485.5921
0.31477484 485.5921
0.31405085 485.5921
0.31332856 485.5921
0.31260794 485.5921
0.31188896 485.5921
0.31117162 485.5921
0.31045595 486.4575
0.30974194 486.4575
0.30902955 485.5921
0.30831882 485.5921
0.30760968 485.5921
0.3069022 485.5921
0.30619633 485.5921
0.30549213 485.5921
0.3047895 485.5921
0.3040885 485.5921
0.3033891 485.5921
0.30269134 485.5921
0.3019952 485.5921
0.3013006 485.5921
0.30060762 485.5921
0.29991627 485.5921
0.29922646 485.5921
0.29853827 485.5921
0.29785162 485.5921
0.2971666 485.5921
0.29648313 485.5921
0.29580125 485.5921
0.29512095 485.5921
0.29444215 485.5921
0.29376498 485.5921
0.29308933 485.5921
0.29241526 485.5921
0.29174268 485.5921
0.2910717 485.5921
0.29040226 485.5921
0.28973436 485.5921
0.289068 485.5921
0.28840312 485.5921
0.28773984 485.5921
0.28707805 485.5921
0.2864178 485.5921
0.28575903 485.5921
0.28510183 485.5921
0.28444612 485.5921
0.2837919 485.5921
0.28313923 485.5921
0.282488 485.5921
0.2818383 485.5921
0.2811901 485.5921
0.2805434 485.5921
0.27989814 485.5921
0.27925438 485.5921
0.2786121 485.5921
0.27797133 485.5921
0.27733204 485.5921
0.27669415 485.5921
0.27605778 485.5921
0.27542287 485.5921
0.27478942 485.5921
0.27415743 485.5921
0.27352685 485.5921
0.27289778 485.5921
0.27227014 485.5921
0.27164394 485.5921
0.2710192 485.5921
0.27039582 485.5921
0.26977393 485.5921
0.26915348 485.5921
0.26853445 485.5921
0.26791683 485.5921
0.26730064 485.5921
0.26668587 485.5921
0.2660725 485.5921
0.26546058 485.5921
0.26485 485.5921
0.26424086 485.5921
0.26363313 485.5921
0.2630268 485.5921
0.26242188 485.5921
0.2618183 485.5921
0.26121613 485.5921
0.26061535 485.5921
0.26001596 485.5921
0.25941792 485.5921
0.25882128 485.5921
0.258226 485.5921
0.25763214 485.5921
0.2570396 485.5921
0.2564484 485.5921
0.2558586 485.5921
0.25527012 485.5921
0.25468305 485.5921
0.25409725 485.5921
0.25351286 485.5921
0.2529298 485.5921
0.2523481 485.5921
0.2517677 485.5921
0.25118864 485.5921
0.25061092 485.5921
0.25003454 485.5921
0.24945949 485.5921
0.24888575 485.5921
0.24831331 485.5921
0.2477422 485.5921
0.24717242 485.5921
0.24660395 485.5921
0.24603675 485.5921
0.24547088 485.5921
0.24490632 485.5921
0.24434306 485.5921
0.2437811 485.5921
0.24322039 485.5921
0.242661 485.5921
0.2421029 485.5921
0.2415461 485.5921
0.24099056 485.5921
0.24043627 485.5921
0.23988329 485.5921
0.23933159 485.5921
0.23878114 485.5921
0.23823194 485.5921
0.23768403 485.5921
0.23713738 485.5921
0.23659198 485.5921
0.23604783 485.5921
0.23550493 485.5921
0.23496328 485.5921
0.23442289 485.5921
0.23388374 485.5921
0.23334579 485.5921
0.23280913 485.5921
0.23227368 485.5921
0.23173948 485.5921
0.23120649 485.5921
0.23067471 485.5921
0.23014417 485.5921
0.22961487 485.5921
0.22908677 485.5921
0.2285599 485.5921
0.2280342 485.5921
0.22750974 485.5921
0.2269865 485.5921
0.22646444 485.5921
0.22594357 485.5921
0.22542392 485.5921
0.22490546 485.5921
0.2243882 485.5921
0.22387213 485.5921
0.22335722 486.4575
0.22284351 485.5921
0.22233099 485.5921
0.22181965 485.5921
0.22130948 485.5921
0.22080046 485.5921
0.22029264 485.5921
0.21978599 485.5921
0.21928051 485.5921
0.21877615 485.5921
0.21827298 485.5921
0.21777098 485.5921
0.21727012 485.5921
0.21677043 485.5921
0.21627185 485.5921
0.21577443 486.4575
0.21527818 485.5921
0.21478306 485.5921
0.21428905 485.5921
0.2137962 485.5921
0.21330449 485.5921
0.21281391 485.5921
0.21232446 485.5921
0.2118361 485.5921
0.2113489 485.5921
0.21086282 485.5921
0.21037786 485.5921
0.209894 485.5921
0.20941123 485.5921
0.20892961 485.5921
0.2084491 485.5921
0.20796968 485.5921
0.20749134 485.5921
0.20701413 485.5921
0.20653802 485.5921
0.206063 485.5921
0.20558907 485.5921
0.20511621 485.5921
0.20464446 485.5921
0.2041738 485.5921
0.20370422 485.5921
0.20323572 485.5921
0.20276827 485.5921
0.20230192 485.5921
0.20183665 485.5921
0.20137243 485.5921
0.20090927 485.5921
0.2004472 485.5921
0.19998619 485.5921
0.19952624 485.5921
0.19906735 485.5921
0.19860949 485.5921
0.1981527 485.5921
0.19769697 485.5921
0.19724229 485.5921
0.19678864 485.5921
0.19633602 485.5921
0.19588447 485.5921
0.19543394 485.5921
0.19498447 485.5921
0.194536 485.5921
0.19408858 485.5921
0.1936422 485.5921
0.19319683 485.5921
0.19275251 485.5921
0.19230917 485.5921
0.19186687 485.5921
0.19142559 485.5921
0.19098534 485.5921
0.19054607 485.5921
0.19010782 485.5921
0.18967059 485.5921
0.18923436 485.5921
0.18879914 485.5921
0.1883649 485.5921
0.18793167 485.5921
0.18749945 485.5921
0.18706822 485.5921
0.18663798 485.5921
0.18620871 485.5921
0.18578045 485.5921
0.18535316 485.5921
0.18492687 485.5921
0.18450153 485.5921
0.1840772 485.5921
0.18365383 485.5921
0.18323144 485.5921
0.18281004 485.5921
0.18238956 485.5921
0.18197009 485.5921
0.18155158 485.5921
0.18113402 485.5921
0.18071742 485.5921
0.18030177 485.5921
0.17988709 485.5921
0.17947337 485.5921
0.1790606 485.5921
0.17864875 485.5921
0.17823787 485.5921
0.17782794 485.5921
0.17741896 485.5921
0.17701091 485.5921
0.17660378 485.5921
0.1761976 485.5921
0.17579237 485.5921
0.17538805 485.5921
0.17498466 485.5921
0.17458221 485.5921
0.17418069 485.5921
0.17378008 485.5921
0.1733804 485.5921
0.17298163 485.5921
0.17258379 485.5921
0.17218687 485.5921
0.17179085 485.5921
0.17139575 485.5921
0.17100152 485.5921
0.17060824 485.5921
0.17021586 485.5921
0.16982438 485.5921
0.16943377 485.5921
0.16904409 485.5921
0.1686553 485.5921
0.16826741 485.5921
0.16788042 485.5921
0.16749428 485.5921
0.16710906 485.5921
0.16672473 485.5921
0.16634127 485.5921
0.1659587 485.5921
0.165577 485.5921
0.16519618 485.5921
0.16481625 485.5921
0.16443717 485.5921
0.16405897 485.5921
0.16368166 485.5921
0.1633052 485.5921
0.16292961 485.5921
0.16255489 485.5921
0.162181 485.5921
0.161808 485.5921
0.16143586 485.5921
0.16106457 485.5921
0.16069412 485.5921
0.16032453 485.5921
0.1599558 485.5921
0.15958792 485.5921
0.15922089 485.5921
0.15885466 485.5921
0.15848932 485.5921
0.1581248 485.5921
0.15776113 485.5921
0.1573983 485.5921
0.15703627 485.5921
0.1566751 485.5921
0.15631478 485.5921
0.15595526 485.5921
0.15559655 485.5921
0.1552387 485.5921
0.15488166 485.5921
0.15452544 485.5921
0.15417005 485.5921
0.15381546 485.5921
0.1534617 485.5921
0.15310875 485.5921
0.15275662 485.5921
0.15240529 485.5921
0.15205474 485.5921
0.15170504 485.5921
0.15135613 485.5921
0.15100802 485.5921
0.1506607 485.5921
0.1503142 485.5921
0.14996849 485.5921
0.14962357 485.5921
0.14927945 485.5921
0.14893611 485.5921
0.14859356 485.5921
0.14825182 485.5921
0.14791085 485.5921
0.14757067 485.5921
0.14723125 485.5921
0.14689262 485.5921
0.14655478 485.5921
0.14621773 485.5921
0.14588141 485.5921
0.1455459 485.5921
0.14521116 485.5921
0.1448772 485.5921
0.14454399 485.5921
0.14421153 485.5921
0.14387986 485.5921
0.14354895 485.5921
0.1432188 485.5921
0.1428894 485.5921
0.14256075 485.5921
0.14223288 485.5921
0.14190575 485.5921
0.14157939 485.5921
0.14125375 485.5921
0.14092888 485.5921
0.14060475 485.5921
0.14028138 485.5921
0.13995874 485.5921
0.13963683 485.5921
0.13931568 485.5921
0.13899526 485.5921
0.13867559 485.5921
0.13835663 485.5921
0.13803843 485.5921
0.13772094 485.5921
0.1374042 485.5921
0.13708818 485.5921
0.13677287 485.5921
0.13645831 485.5921
0.13614447 485.5921
0.13583136 485.5921
0.13551895 485.5921
0.13520725 485.5921
0.1348963 485.5921
0.13458604 485.5921
0.13427651 485.5921
0.13396767 485.5921
0.13365956 485.5921
0.13335215 485.5921
0.13304545 485.5921
0.13273945 485.5921
0.13243414 485.5921
0.13212956 485.5921
0.13182567 485.5921
0.13152249 485.5921
0.13121998 485.5921
0.13091819 485.5921
0.13061708 485.5921
0.13031669 485.5921
0.13001697 485.5921
0.12971792 485.5921
0.12941958 485.5921
0.12912193 485.5921
0.12882496 485.5921
0.12852867 485.5921
0.12823306 485.5921
0.12793814 485.5921
0.12764388 485.5921
0.12735032 485.5921
0.1270574 485.5921
0.12676518 485.5921
0.12647364 485.5921
0.12618276 485.5921
0.12589255 485.5921
0.12560299 485.5921
0.12531412 485.5921
0.1250259 485.5921
0.12473836 485.5921
0.12445147 485.5921
0.12416523 485.5921
0.123879656 485.5921
0.123594746 485.5921
0.12331049 485.5921
0.12302687 485.5921
0.12274392 485.5921
0.122461624 485.5921
0.12217997 485.5921
0.12189897 485.5921
0.1216186 485.5921
0.12133888 485.5921
0.12105981 485.5921
0.12078139 485.5921
0.12050359 485.5921
0.12022644 485.5921
0.11994993 485.5921
0.11967406 485.5921
0.11939882 485.5921
0.1191242 485.5921
0.11885022 485.5921
0.11857688 485.5921
0.11830416 485.5921
0.118032075 485.5921
0.11776059 485.5921
0.117489755 485.5921
0.11721954 485.5921
0.116949946 485.5921
0.11668096 485.5921
0.1164126 485.5921
0.116144866 485.5921
0.11587774 485.5921
0.11561123 485.5921
0.11534532 485.5921
0.115080036 485.5921
0.11481536 485.5921
0.1145513 485.5921
0.114287846 485.5921
0.114024974 485.5921
0.11376273 485.5921
0.11350109 485.5921
0.11324004 485.5921
0.11297958 485.5921
0.112719744 485.5921
0.1124605 485.5921
0.11220185 485.5921
0.1119438 485.5921
0.11168632 485.5921
0.11142945 485.5921
0.111173175 485.5921
0.110917486 485.5921
0.110662386 485.5921
0.11040786 485.5921
0.11015393 485.5921
0.10990059 485.5921
0.109647825 485.5921
0.10939563 485.5921
0.10914403 485.5921
0.108893014 485.5921
0.10864257 485.5921
0.1083927 485.5921
0.10814339 485.5921
0.107894674 485.5921
0.107646525 485.5921
0.10739895 485.5921
0.107151926 485.5921
0.10690548 485.5921
0.10665961 485.5921
0.1064143 485.5921
0.10616957 485.5921
0.10592537 485.5921
0.10568175 485.5921
0.105438694 485.5921
0.10519619 485.5921
0.10495425 485.5921
0.10471285 485.5921
0.10447202 485.5921
0.104231745 485.5921
0.10399202 485.5921
0.10375284 485.5921
0.10351422 485.5921
0.10327614 485.5921
0.10303862 485.5921
0.102801636 485.5921
0.10256519 485.5921
0.1023293 485.5921
0.10209395 485.5921
0.101859145 485.5921
0.101624876 485.5921
0.10139114 485.5921
0.10115795 485.5921
0.10092529 485.5921
0.10069317 485.5921
0.10046157 485.5921
0.10023052 485.5921
0.1 485.5921
